image: nav_space.pgm
resolution: 0.05
origin: [-16.18666489124298, -4.815668487548828, 0]
occupied_thresh: 0.51
free_thresh: 0.49
negate: 0