image: office_map.pgm
resolution: 0.05
origin: [-3.612947082519533, -45.3951195716858, 0]
occupied_thresh: 0.51
free_thresh: 0.49
negate: 0