# oST version 5.0 parameters


[image]

width
320

height
240

[narrow_stereo]

camera matrix
142.240236 0.000000 167.626980
0.000000 190.272657 104.745424
0.000000 0.000000 1.000000

distortion
-0.267042 0.048758 0.003548 0.002296 0.000000

rectification
1.000000 0.000000 0.000000
0.000000 1.000000 0.000000
0.000000 0.000000 1.000000

projection
97.843117 0.000000 168.621311 0.000000
0.000000 164.869492 100.944918 0.000000
0.000000 0.000000 1.000000 0.000000

